tip	date	distance	residual
hMpxV/Philippines/RITM-002/2022	2022.6219178082192	4.571507999999999E-4	1.5045705322891374E-4
hMpxV/Thailand/NIC-251/2022	2022.5671232876712	4.6221729999999995E-4	1.589995145933768E-4
hMpxV/Singapore/NPHL-0005/2022	2022.5287671232877	4.571507999999999E-4	1.5636618754849536E-4
hMpxV/Singapore/NPHL-0008/2022	2022.558904109589	4.622171999999999E-4	1.59520808798049E-4
hMpxV/Singapore/NPHL-0011/2022	2022.5835616438355	4.5822739999999994E-4	1.5396682618403233E-4
hMpxV/Indonesia/JK-NIHRD-MP0024/2022	2022.6082191780822	4.520844E-4	1.4625964357001568E-4
hMpxV/Singapore/NPHL-0001/2022	2022.468493150685	4.6513059999999995E-4	1.6816954504941583E-4
hMpxV/Philippines/RITM-010/2024	2024.6010928961748	5.378733999999998E-4	1.0562811868752874E-4
hMpxV/Philippines/RITM-011/2024	2024.639344262295	5.519960999999998E-4	1.1732429374593874E-4
hMpxV/Philippines/RITM-028/2024	2024.6967213114754	4.882495999999999E-4	4.993800633355377E-5
hMpxV/Thailand/MU-V241/2023	2023.6657534246576	4.336542E-4	6.074338923576242E-5
hMpxV/Thailand/KCMH-462/2023	2023.972602739726	4.3934460000000003E-4	4.696840559473053E-5
hMpxV/Thailand/KCMH-295/2023	2023.5013698630137	4.2966440000000004E-4	6.718147332917932E-5
hMpxV/Thailand/KCMH-283/2023	2023.4876712328767	4.336542E-4	7.204026367028119E-5
hMpxV/Thailand/KCMH-455/2023	2023.9150684931508	4.37644E-4	4.891756502743613E-5
hMpxV/Thailand/KCMH-459/2023	2023.945205479452	4.5837369999999995E-4	6.773548627698973E-5
hMpxV/Thailand/KCMH-465/2023	2023.9890410958903	4.427104E-4	4.929141718541379E-5
hMpxV/Thailand/KCMH-296/2023	2023.5013698630137	4.112354E-4	4.875247332917929E-5
hMpxV/Thailand/KCMH-294/2023	2023.5013698630137	4.3612900000000005E-4	7.364607332917934E-5
hMpxV/Thailand/KCMH-026/2023	2023.358904109589	4.161145E-4	6.266907287679429E-5
hMpxV/Philippines/RITM-007/2023	2023.9260273972602	4.056775E-4	1.625587275454909E-5
hMpxV/Indonesia/JK-NIHRD-MP010/2023	2023.7890410958903	3.9894940000000003E-4	1.821767616570671E-5
hMpxV/Indonesia/JK-NIHRD-MP005/2023	2023.7205479452055	4.907084999999998E-4	1.1432172787129917E-4
hMpxV/Indonesia/JK-NIHRD-MP044/2023	2023.7753424657535	3.8881660000000004E-4	8.9538665068086E-6
hMpxV/Indonesia/JK-Biokes-MP302/2023	2023.9424657534246	4.0429990000000004E-4	1.3835484345204642E-5
hMpxV/Indonesia/JK-NIHRD-MP088/2023	2023.8219178082193	3.8881660000000004E-4	5.99929934701779E-6
hMpxV/Indonesia/JK-Biokes-MP311/2023	2023.9178082191781	4.10187E-4	2.1286766959193555E-5
hMpxV/Indonesia/JK-Biokes-MP018/2024	2024.0573770491803	4.519355999999999E-4	5.4181637500113884E-5
hMpxV/Indonesia/JK-Biokes-MP029/2024	2024.068306010929	4.084137E-4	9.966444659643828E-6
hMpxV/Indonesia/JB-Biokes-MP294/2023	2023.9123287671232	3.8159700000000007E-4	-6.95563690434898E-6
hMpxV/Indonesia/JK-NIHRD-MP012/2023	2023.786301369863	3.62408E-4	-1.8149925766050752E-5
hMpxV/Indonesia/JK-NIHRD-MP279/2023	2023.8958904109588	3.663979E-4	-2.111194849500458E-5
hMpxV/Indonesia/BT-NIHRD-MP231/2023	2023.8657534246574	3.511986E-4	-3.43994697445305E-5
hMpxV/Indonesia/JK-NIHRD-MP061/2023	2023.7945205479452	3.9444790000000006E-4	1.3368580029249333E-5
hMpxV/Indonesia/JK-NIHRD-MP025/2023	2023.805479452055	3.6133140000000003E-4	-2.044311224363776E-5
hMpxV/Indonesia/JK-NIHRD-MP235/2023	2023.8465753424657	3.56265E-4	-2.8116483266971213E-5
hMpxV/Indonesia/JK-NIHRD-MP055/2023	2023.8082191780823	3.615049E-4	-2.0443410311852617E-5
hMpxV/Indonesia/JK-NIHRD-MP114/2023	2023.8082191780823	3.672807E-4	-1.4667610311852597E-5
hMpxV/Indonesia/JK-NIHRD-MP080/2023	2023.8	3.782352E-4	-3.1917161071803803E-6
hMpxV/Indonesia/JK-Biokes-MP239/2023	2023.8712328767124	4.125023E-4	2.6556634119012136E-5
hMpxV/Indonesia/JK-NIHRD-MP276/2023	2023.8931506849315	3.461322E-4	-4.120385042678977E-5
hMpxV/Indonesia/JK-NIHRD-MP177/2023	2023.8383561643836	3.399892E-4	-4.387088906232674E-5
hMpxV/Indonesia/JK-NIHRD-MP156/2023	2023.7671232876712	3.9858910000000006E-4	1.924776071150861E-5
hMpxV/Indonesia/JK-NIHRD-MP036/2023	2023.7890410958903	3.530354E-4	-2.7696323834293325E-5
hMpxV/Indonesia/JK-NIHRD-MP023/2023	2023.8082191780823	3.327696E-4	-4.917871031185261E-5
hMpxV/Indonesia/JB-Biokes-MP295/2023	2023.9260273972602	3.407492E-4	-4.8672427245450916E-5
hMpxV/Indonesia/JK-Biokes-MP010/2024	2024.0437158469945	3.554396E-4	-4.1447746449298326E-5
hMpxV/Indonesia/JK-Biokes-MP011/2024	2024.032786885246	3.70639E-4	-2.555505360885593E-5
hMpxV/Indonesia/JK-Biokes-MP020/2024	2024.0874316939892	3.639145E-4	-3.5746017811151174E-5
hMpxV/Indonesia/JB-NIHRD-MP041/2023	2023.7835616438356	3.651483E-4	-1.5235827697835942E-5
hMpxV/Indonesia/JK-NIHRD-MP147/2023	2023.7753424657535	3.550153E-4	-2.4847433493191417E-5
hMpxV/Indonesia/JB-NIHRD-MP205/2023	2023.813698630137	3.51776E-4	-3.051990644831003E-5
hMpxV/Indonesia/JK-NIHRD-MP159/2023	2023.8301369863013	3.5808490000000003E-4	-2.5253794857626696E-5
hMpxV/Indonesia/JK-NIHRD-MP218/2023	2023.8575342465754	3.5808490000000003E-4	-2.6991775539885973E-5
hMpxV/Indonesia/JB-NIHRD-MP254/2023	2023.8657534246574	3.490287E-4	-3.656936974453048E-5
hMpxV/Indonesia/JK-NIHRD-MP252/2023	2023.8657534246574	3.720956E-4	-1.3502469744530472E-5
hMpxV/Indonesia/JK-NIHRD-MP022/2023	2023.7972602739726	3.530186E-4	-2.823451803896554E-5
hMpxV/Indonesia/JK-NIHRD-MP039/2023	2023.8	3.428857E-4	-3.854121610718039E-5
hMpxV/Indonesia/JK-NIHRD-MP081/2023	2023.8	3.6537710000000004E-4	-1.6049816107180338E-5
hMpxV/Indonesia/JK-Biokes-MP310/2023	2023.9205479452055	3.5456450000000004E-4	-3.450953110902124E-5
hMpxV/Indonesia/JK-NIHRD-MP225/2023	2023.8575342465754	3.702816E-4	-1.4795075539885988E-5
hMpxV/Indonesia/JK-NIHRD-MP246/2023	2023.8794520547945	3.510924E-4	-3.537466008566014E-5
hMpxV/Indonesia/JK-NIHRD-MP008/2023	2023.7534246575342	3.283819E-4	-5.009044894738955E-5
hMpxV/Indonesia/JK-NIHRD-MP109/2023	2023.8219178082193	3.2945850000000004E-4	-5.3358800652982214E-5
hMpxV/Indonesia/JK-NIHRD-MP209/2023	2023.8246575342466	3.2945850000000004E-4	-5.353259872119704E-5
hMpxV/Indonesia/JK-NIHRD-MP017/2023	2023.7561643835616	3.469336E-4	-3.17125470156044E-5
hMpxV/Indonesia/BT-NIHRD-MP059/2023	2023.7890410958903	3.323717E-4	-4.836002383429332E-5
hMpxV/Indonesia/JK-NIHRD-MP085/2023	2023.8246575342466	3.374381E-4	-4.555299872119708E-5
hMpxV/Indonesia/JB-NIHRD-MP255/2023	2023.86301369863	3.667607E-4	-1.866357167631564E-5
hMpxV/Indonesia/JK-NIHRD-MP118/2023	2023.8301369863013	3.312951E-4	-5.204359485762674E-5
hMpxV/Indonesia/JK-NIHRD-MP015/2023	2023.7671232876712	3.342083E-4	-4.513303928849145E-5
hMpxV/Indonesia/BT-Biokes-MP303/2023	2023.9205479452055	3.4326450000000003E-4	-4.5809531109021245E-5
hMpxV/Thailand/CU-ID220059-FTL/2022	2022.5671232876712	3.465014E-4	4.328361459337687E-5
hMpxV/Thailand/CU-ID220097-LRV/2022	2022.5863013698631	3.440745E-4	3.964012811578981E-5
hMpxV/Thailand/CU-ID220059-TSV/2022	2022.5671232876712	3.4647350000000004E-4	4.3255714593376895E-5
hMpxV/Indonesia/JK-NIHRD-MP035/2023	2023.7972602739726	3.478127E-4	-3.3440418038965564E-5
hMpxV/Indonesia/JK-Biokes-MP016/2024	2024.0901639344263	2.7569410000000003E-4	-1.2413974102124095E-4
hMpxV/Singapore/CDC-01/2019	2019.3479452054794	1.006747E-4	1.6696447559553184E-6
hMpxV/Thailand/CU-220016-FTV/2022	2022.5397260273974	2.326388E-4	-6.884100472439163E-5
hMpxV/Thailand/CU-ID220101-LRV/2022	2022.5835616438355	2.217379E-4	-8.252267381596762E-5
hMpxV/Thailand/CU-ID220101-TSV/2022	2022.5835616438355	2.217379E-4	-8.252267381596762E-5
hMpxV/Thailand/CU-ID220131-LRV/2022	2022.6246575342466	2.2369949999999998E-4	-8.316804483932878E-5
hMpxV/Thailand/CU-ID220103-FLV/2022	2022.5863013698631	2.152051E-4	-8.922927188421018E-5
hMpxV/Thailand/CU-ID220121-PSV/2022	2022.6164383561643	1.806301E-4	-1.257160506346288E-4
hMpxV/Thailand/CU-ID220121-SSV/2022	2022.6164383561643	1.806301E-4	-1.257160506346288E-4
hMpxV/Vietnam/PIHCM_01/2022	2022.7260273972602	6.56206E-5	-2.476774733635826E-4
NC_063383.1	2019.1616438356164	1.0766E-6	-8.611018660485368E-5
