tip	date	distance	residual
hMpxV/Philippines/RITM-002/2022	2022.6219178082192	4.570742E-4	1.5119956128715583E-4
hMpxV/Thailand/NIC-251/2022	2022.5671232876712	4.617192E-4	1.5931326383626453E-4
hMpxV/Singapore/NPHL-0005/2022	2022.5287671232877	4.552467E-4	1.552688556206212E-4
hMpxV/Singapore/NPHL-0008/2022	2022.558904109589	4.593584E-4	1.574727692186267E-4
hMpxV/Singapore/NPHL-0011/2022	2022.5835616438355	4.559951E-4	1.5254855307154024E-4
hMpxV/Indonesia/JK-NIHRD-MP0024/2022	2022.6082191780822	4.492726E-4	1.442651369244261E-4
hMpxV/Singapore/NPHL-0001/2022	2022.468493150685	4.628313E-4	1.6666902842466576E-4
hMpxV/Philippines/RITM-010/2024	2024.6010928961748	5.357564E-4	1.0459241475995937E-4
hMpxV/Philippines/RITM-011/2024	2024.639344262295	5.495922E-4	1.1600675710615315E-4
hMpxV/Philippines/RITM-028/2024	2024.6967213114754	4.8631300000000004E-4	4.909537062543006E-5
hMpxV/Thailand/MU-V241/2023	2023.6657534246576	4.326508E-4	6.069737772663661E-5
hMpxV/Thailand/KCMH-462/2023	2023.972602739726	4.375986E-4	4.622044345164463E-5
hMpxV/Thailand/KCMH-295/2023	2023.5013698630137	4.285361E-4	6.698878537396273E-5
hMpxV/Thailand/KCMH-283/2023	2023.4876712328767	4.3202E-4	7.133986101126068E-5
hMpxV/Thailand/KCMH-455/2023	2023.9150684931508	4.366594E-4	4.892338112820737E-5
hMpxV/Thailand/KCMH-459/2023	2023.945205479452	4.570821E-4	6.743829472621285E-5
hMpxV/Thailand/KCMH-465/2023	2023.9890410958903	4.416368E-4	4.921803268692035E-5
hMpxV/Thailand/KCMH-296/2023	2023.5013698630137	4.085496E-4	4.700228537396272E-5
hMpxV/Thailand/KCMH-294/2023	2023.5013698630137	4.335344E-4	7.19870853739627E-5
hMpxV/Thailand/KCMH-026/2023	2023.358904109589	4.1306029999999997E-4	6.053161200165639E-5
hMpxV/Indonesia/JK-NIHRD-MP005/2023	2023.7205479452055	4.906035E-4	1.1518137517752794E-4
hMpxV/Indonesia/JK-NIHRD-MP010/2023	2023.7890410958903	3.962619E-4	1.6503896991149015E-5
hMpxV/Philippines/RITM-007/2023	2023.9260273972602	4.008428E-4	1.2413040618391156E-5
hMpxV/Indonesia/JK-NIHRD-MP088/2023	2023.8219178082193	3.958969E-4	1.4057675461672697E-5
hMpxV/Indonesia/JK-Biokes-MP311/2023	2023.9178082191781	4.1727349999999997E-4	2.9364046000753268E-5
hMpxV/Indonesia/JK-Biokes-MP018/2024	2024.0573770491803	4.5905420000000004E-4	6.230950569635326E-5
hMpxV/Indonesia/JK-Biokes-MP302/2023	2023.9424657534246	4.013682E-4	1.1897829853666875E-5
hMpxV/Indonesia/JK-NIHRD-MP044/2023	2023.7753424657535	3.76731E-4	-2.1598273715807566E-6
hMpxV/Indonesia/JB-Biokes-MP294/2023	2023.9123287671232	3.693391E-4	-1.822348374433863E-5
hMpxV/Indonesia/JK-Biokes-MP239/2023	2023.8712328767124	4.106216E-4	2.566054316749985E-5
hMpxV/Indonesia/JK-NIHRD-MP055/2023	2023.8082191780823	3.59022E-4	-2.1950048901029295E-5
hMpxV/Indonesia/JK-NIHRD-MP114/2023	2023.8082191780823	3.591453E-4	-2.1826748901029316E-5
hMpxV/Indonesia/JK-NIHRD-MP012/2023	2023.786301369863	3.640937E-4	-1.549086788139696E-5
hMpxV/Indonesia/BT-NIHRD-MP231/2023	2023.8657534246574	3.551692E-4	-2.944498657759208E-5
hMpxV/Indonesia/JK-NIHRD-MP279/2023	2023.8958904109588	3.679555E-4	-1.856647297961432E-5
hMpxV/Indonesia/JK-NIHRD-MP061/2023	2023.7945205479452	3.967801E-4	1.6675226736240906E-5
hMpxV/Indonesia/JK-NIHRD-MP025/2023	2023.805479452055	3.612422E-4	-1.9556413773575245E-5
hMpxV/Indonesia/JK-Biokes-MP029/2024	2024.068306010929	3.970693E-4	-3.6723934759537794E-7
hMpxV/Indonesia/JK-NIHRD-MP235/2023	2023.8465753424657	3.567379E-4	-2.6662240685413707E-5
hMpxV/Indonesia/JK-NIHRD-MP276/2023	2023.8931506849315	3.467938E-4	-3.955473785216025E-5
hMpxV/Indonesia/JK-NIHRD-MP177/2023	2023.8383561643836	3.409659E-4	-4.1913935303051564E-5
hMpxV/Indonesia/JK-NIHRD-MP156/2023	2023.7671232876712	3.992211E-4	2.085057801080913E-5
hMpxV/Indonesia/JK-NIHRD-MP036/2023	2023.7890410958903	3.540953E-4	-2.5662703008850975E-5
hMpxV/Indonesia/JK-NIHRD-MP023/2023	2023.8082191780823	3.339147E-4	-4.7057348901029304E-5
hMpxV/Indonesia/JB-Biokes-MP295/2023	2023.9260273972602	3.4133380000000004E-4	-4.7095959381608806E-5
hMpxV/Indonesia/JK-Biokes-MP010/2024	2024.0437158469945	3.560292E-4	-3.985068799869021E-5
hMpxV/Indonesia/JK-Biokes-MP011/2024	2024.032786885246	3.714099E-4	-2.3778142954769402E-5
hMpxV/Indonesia/JK-Biokes-MP020/2024	2024.0874316939892	3.646992E-4	-3.394806817451232E-5
hMpxV/Indonesia/JB-NIHRD-MP041/2023	2023.7835616438356	3.654579E-4	-1.395323275394289E-5
hMpxV/Indonesia/JK-NIHRD-MP147/2023	2023.7753424657535	3.55518E-4	-2.3372827371580772E-5
hMpxV/Indonesia/JB-NIHRD-MP205/2023	2023.813698630137	3.471257E-4	-3.419321915593739E-5
hMpxV/Indonesia/JK-NIHRD-MP159/2023	2023.8301369863013	3.558722E-4	-2.6487329920661705E-5
hMpxV/Indonesia/JK-NIHRD-MP218/2023	2023.8575342465754	3.558218E-4	-2.8272081195229932E-5
hMpxV/Indonesia/JB-NIHRD-MP254/2023	2023.8657534246574	3.476303E-4	-3.698388657759203E-5
hMpxV/Indonesia/JK-NIHRD-MP252/2023	2023.8657534246574	3.70646E-4	-1.396818657759208E-5
hMpxV/Indonesia/JK-NIHRD-MP081/2023	2023.8	3.6747150000000003E-4	-1.2980243518667146E-5
hMpxV/Indonesia/JK-NIHRD-MP080/2023	2023.8	3.623179E-4	-1.813384351866717E-5
hMpxV/Indonesia/JK-NIHRD-MP039/2023	2023.8	3.435812E-4	-3.6870543518667184E-5
hMpxV/Indonesia/JK-NIHRD-MP022/2023	2023.7972602739726	3.527869E-4	-2.749140839121314E-5
hMpxV/Indonesia/JK-NIHRD-MP225/2023	2023.8575342465754	3.714895E-4	-1.260438119522994E-5
hMpxV/Indonesia/JK-NIHRD-MP246/2023	2023.8794520547945	3.524841E-4	-3.299726221486229E-5
hMpxV/Indonesia/JK-Biokes-MP310/2023	2023.9205479452055	3.564746E-4	-3.1608289126700744E-5
hMpxV/Indonesia/JK-NIHRD-MP017/2023	2023.7561643835616	3.465997E-4	-3.1077081479374694E-5
hMpxV/Indonesia/BT-NIHRD-MP059/2023	2023.7890410958903	3.3145259999999997E-4	-4.8305403008851015E-5
hMpxV/Indonesia/JK-NIHRD-MP008/2023	2023.7534246575342	3.278319E-4	-4.967144635192064E-5
hMpxV/Indonesia/JK-NIHRD-MP109/2023	2023.8219178082193	3.29102E-4	-5.2737224538327296E-5
hMpxV/Indonesia/JK-NIHRD-MP209/2023	2023.8246575342466	3.29102E-4	-5.291065966578134E-5
hMpxV/Indonesia/JK-NIHRD-MP015/2023	2023.7671232876712	3.372445E-4	-4.112602198919085E-5
hMpxV/Indonesia/BT-Biokes-MP303/2023	2023.9205479452055	3.457676E-4	-4.2315289126700734E-5
hMpxV/Indonesia/JK-NIHRD-MP085/2023	2023.8246575342466	3.376266E-4	-4.438605966578137E-5
hMpxV/Indonesia/JB-NIHRD-MP255/2023	2023.86301369863	3.664001E-4	-1.8040651450138012E-5
hMpxV/Indonesia/JK-NIHRD-MP118/2023	2023.8301369863013	3.277937E-4	-5.456582992066167E-5
hMpxV/Thailand/CU-ID220059-FTL/2022	2022.5671232876712	3.4512620000000003E-4	4.2720263836264574E-5
hMpxV/Thailand/CU-ID220097-LRV/2022	2022.5863013698631	3.429933E-4	3.937331794405844E-5
hMpxV/Thailand/CU-ID220059-TSV/2022	2022.5671232876712	3.450973E-4	4.269136383626453E-5
hMpxV/Indonesia/JK-NIHRD-MP035/2023	2023.7972602739726	3.4722430000000003E-4	-3.30540083912131E-5
hMpxV/Indonesia/JK-Biokes-MP016/2024	2024.0901639344263	2.755886E-4	-1.2323162943549256E-4
hMpxV/Singapore/CDC-01/2019	2019.3479452054794	1.002396E-4	1.619938596351695E-6
hMpxV/Thailand/CU-220016-FTV/2022	2022.5397260273974	2.3304979999999999E-4	-6.7621784889195E-5
hMpxV/Thailand/CU-ID220101-LRV/2022	2022.5835616438355	2.2179749999999999E-4	-8.164904692845975E-5
hMpxV/Thailand/CU-ID220101-TSV/2022	2022.5835616438355	2.2179749999999999E-4	-8.164904692845975E-5
hMpxV/Thailand/CU-ID220131-LRV/2022	2022.6246575342466	2.234522E-4	-8.25958738402982E-5
hMpxV/Thailand/CU-ID220103-FLV/2022	2022.5863013698631	2.1482119999999998E-4	-8.879878205594156E-5
hMpxV/Thailand/CU-ID220121-PSV/2022	2022.6164383561643	1.80781E-4	-1.2474676845793605E-4
hMpxV/Thailand/CU-ID220121-SSV/2022	2022.6164383561643	1.809996E-4	-1.2452816845793605E-4
hMpxV/Vietnam/PIHCM_01/2022	2022.7260273972602	6.58107E-5	-2.4665447355615345E-4
NC_063383.1	2019.1616438356164	1.4205E-6	-8.540557273668985E-5
